[[  922.   158.  5727.]
 [  640.   773.  5058.]
 [  775.    85. 10164.]
 [ -551.   811.  1534.]
 [ -952.   311.  1318.]
 [ -354.   646.  7063.]
 [ -497.   335.  4549.]
 [  411.   803. 10519.]
 [ -900.   718.  9020.]
 [  858.   731.  3668.]
 [  858.   731.  3668.]
 [  858.   731.  3668.]
 [  858.   731.  3668.]
 [  858.   731.  3668.]
 [  858.   731.  3668.]
 [  858.   731.  3668.]
 [    1.     2.     3.]
 [    2.     3.     4.]
 [    3.     4.     5.]]
[[  158. 11191.]
 [  773. 14421.]
 [   85.  5117.]
 [  811. 13393.]
 [  311. 16116.]
 [  646.  5403.]
 [  335.  6309.]
 [  803. 12262.]
 [  718. 10226.]
 [  731. 13021.]
 [    1.     2.]
 [    2.     3.]
 [    3.     4.]]
---
raw query: |select table1.A, table2.B from table1, table2 where table1.A = table2.B
|
parsing filters...
table after query:
         A   table2.B 
--------------------------------------------------
---
raw query: |select table1.A, table2.B from table1, table2 where table1.A >= table2.B
|
parsing filters...
table after query:
         A   table2.B 
--------------------------------------------------
     922.0      158.0 
     922.0      773.0 
     922.0       85.0 
     922.0      811.0 
     922.0      311.0 
     922.0      646.0 
     922.0      335.0 
     922.0      803.0 
     922.0      718.0 
     922.0      731.0 
     922.0        1.0 
     922.0        2.0 
     922.0        3.0 
     640.0   6.4e-323 
     640.0     7e-323 
     640.0   7.4e-323 
     640.0     8e-323 
     640.0   8.4e-323 
     640.0     9e-323 
     640.0   9.4e-323 
     640.0     1e-322 
     640.0  1.04e-322 
     640.0   1.1e-322 
     640.0  1.14e-322 
     640.0   1.2e-322 
     640.0  1.24e-322 
     775.0   1.3e-322 
     775.0  1.33e-322 
     775.0   1.4e-322 
     775.0  1.43e-322 
     775.0   1.5e-322 
     775.0  1.53e-322 
     775.0   1.6e-322 
     775.0  1.63e-322 
     775.0   1.7e-322 
     775.0  1.73e-322 
     775.0   1.8e-322 
     775.0  1.83e-322 
     775.0   1.9e-322 
     411.0   4.5e-322 
     411.0  4.55e-322 
     411.0   4.6e-322 
     411.0  4.64e-322 
     411.0   4.7e-322 
     411.0  4.74e-322 
     411.0   4.8e-322 
     411.0  4.84e-322 
     411.0   4.9e-322 
     411.0  4.94e-322 
     411.0     5e-322 
     411.0  5.04e-322 
     411.0   5.1e-322 
     858.0   5.8e-322 
     858.0  5.83e-322 
     858.0   5.9e-322 
     858.0  5.93e-322 
     858.0     6e-322 
     858.0  6.03e-322 
     858.0   6.1e-322 
     858.0  6.13e-322 
     858.0   6.2e-322 
     858.0  6.23e-322 
     858.0  6.27e-322 
     858.0   6.3e-322 
     858.0  6.37e-322 
     858.0   6.4e-322 
     858.0  6.47e-322 
     858.0   6.5e-322 
     858.0  6.57e-322 
     858.0   6.6e-322 
     858.0  6.67e-322 
     858.0   6.7e-322 
     858.0  6.77e-322 
     858.0   6.8e-322 
     858.0  6.87e-322 
     858.0   6.9e-322 
     858.0  6.97e-322 
     858.0     7e-322 
     858.0  7.07e-322 
     858.0   7.1e-322 
     858.0  7.16e-322 
     858.0   7.2e-322 
     858.0  7.26e-322 
     858.0   7.3e-322 
     858.0  7.36e-322 
     858.0   7.4e-322 
     858.0  7.46e-322 
     858.0   7.5e-322 
     858.0  7.56e-322 
     858.0   7.6e-322 
     858.0  7.66e-322 
     858.0   7.7e-322 
     858.0  7.76e-322 
     858.0   7.8e-322 
     858.0  7.86e-322 
     858.0   7.9e-322 
     858.0  7.95e-322 
     858.0     8e-322 
     858.0  8.05e-322 
     858.0   8.1e-322 
     858.0  8.15e-322 
     858.0   8.2e-322 
     858.0  8.25e-322 
     858.0   8.3e-322 
     858.0  8.35e-322 
     858.0   8.4e-322 
     858.0  8.45e-322 
     858.0   8.5e-322 
     858.0  8.55e-322 
     858.0   8.6e-322 
     858.0  8.65e-322 
     858.0   8.7e-322 
     858.0  8.74e-322 
     858.0   8.8e-322 
     858.0  8.84e-322 
     858.0   8.9e-322 
     858.0  8.94e-322 
     858.0     9e-322 
     858.0  9.04e-322 
     858.0   9.1e-322 
     858.0  9.14e-322 
     858.0   9.2e-322 
     858.0  9.24e-322 
     858.0   9.3e-322 
     858.0  9.34e-322 
     858.0   9.4e-322 
     858.0  9.44e-322 
     858.0   9.5e-322 
     858.0  9.54e-322 
     858.0   9.6e-322 
     858.0  9.63e-322 
     858.0   9.7e-322 
     858.0  9.73e-322 
     858.0   9.8e-322 
     858.0  9.83e-322 
     858.0   9.9e-322 
     858.0  9.93e-322 
     858.0     1e-321 
     858.0 1.003e-321 
     858.0  1.01e-321 
     858.0 1.013e-321 
     858.0  1.02e-321 
     858.0 1.023e-321 
       1.0  1.03e-321 
       1.0 1.033e-321 
       1.0  1.04e-321 
       1.0 1.042e-321 
       1.0 1.047e-321 
       1.0  1.05e-321 
       1.0 1.057e-321 
       1.0  1.06e-321 
       1.0 1.067e-321 
       1.0  1.07e-321 
       1.0 1.077e-321 
       1.0  1.08e-321 
       1.0 1.087e-321 
       2.0  1.09e-321 
       2.0 1.097e-321 
       2.0   1.1e-321 
       2.0 1.107e-321 
       2.0  1.11e-321 
       2.0 1.117e-321 
       2.0  1.12e-321 
       2.0 1.126e-321 
       2.0  1.13e-321 
       2.0 1.136e-321 
       2.0  1.14e-321 
       2.0 1.146e-321 
       2.0  1.15e-321 
       3.0 1.156e-321 
       3.0  1.16e-321 
       3.0 1.166e-321 
       3.0  1.17e-321 
       3.0 1.176e-321 
       3.0  1.18e-321 
       3.0 1.186e-321 
       3.0  1.19e-321 
       3.0 1.196e-321 
       3.0   1.2e-321 
       3.0 1.206e-321 
       3.0  1.21e-321 
       3.0 1.215e-321 
---
raw query: |select distinct(A) from table1
|
distinct(A)
name: |distinct| col: |A|
table after query:
         A 
--------------------------------------------------
     922.0 
     640.0 
     775.0 
    -551.0 
    -952.0 
    -354.0 
    -497.0 
     411.0 
    -900.0 
     858.0 
       1.0 
       2.0 
       3.0 
---
raw query: |select min(A) from table1
|
min(A)
name: |min| col: |A|
table after query:
         A 
--------------------------------------------------
    -952.0 
---
raw query: |select * from table1 
|
table after query:
         A          B          C 
--------------------------------------------------
     922.0      158.0     5727.0 
     640.0      773.0     5058.0 
     775.0       85.0    10164.0 
    -551.0      811.0     1534.0 
    -952.0      311.0     1318.0 
    -354.0      646.0     7063.0 
    -497.0      335.0     4549.0 
     411.0      803.0    10519.0 
    -900.0      718.0     9020.0 
     858.0      731.0     3668.0 
     858.0      731.0     3668.0 
     858.0      731.0     3668.0 
     858.0      731.0     3668.0 
     858.0      731.0     3668.0 
     858.0      731.0     3668.0 
     858.0      731.0     3668.0 
       1.0        2.0        3.0 
       2.0        3.0        4.0 
       3.0        4.0        5.0 
---
raw query: |Select A from table1
|
table after query:
         A 
--------------------------------------------------
     922.0 
     640.0 
     775.0 
    -551.0 
    -952.0 
    -354.0 
    -497.0 
     411.0 
    -900.0 
     858.0 
     858.0 
     858.0 
     858.0 
     858.0 
     858.0 
     858.0 
       1.0 
       2.0 
       3.0 
---
raw query: |Select table1.A from table1
|
table after query:
         A 
--------------------------------------------------
     922.0 
     640.0 
     775.0 
    -551.0 
    -952.0 
    -354.0 
    -497.0 
     411.0 
    -900.0 
     858.0 
     858.0 
     858.0 
     858.0 
     858.0 
     858.0 
     858.0 
       1.0 
       2.0 
       3.0 
---
raw query: |select max(A) from table1
|
max(A)
name: |max| col: |A|
table after query:
         A 
--------------------------------------------------
     922.0 
---
raw query: |Select A, B from table1
|
table after query:
         A          B 
--------------------------------------------------
     922.0      158.0 
     640.0      773.0 
     775.0       85.0 
    -551.0      811.0 
    -952.0      311.0 
    -354.0      646.0 
    -497.0      335.0 
     411.0      803.0 
    -900.0      718.0 
     858.0      731.0 
     858.0      731.0 
     858.0      731.0 
     858.0      731.0 
     858.0      731.0 
     858.0      731.0 
     858.0      731.0 
       1.0        2.0 
       2.0        3.0 
       3.0        4.0 
---
raw query: |select distinct(A) from table1
|
distinct(A)
name: |distinct| col: |A|
table after query:
         A 
--------------------------------------------------
     922.0 
     640.0 
     775.0 
    -551.0 
    -952.0 
    -354.0 
    -497.0 
     411.0 
    -900.0 
     858.0 
       1.0 
       2.0 
       3.0 
---
raw query: |select A from table1 where A >= 10
|
parsing filters...
table after query:
         A 
--------------------------------------------------
     922.0 
     640.0 
     775.0 
     411.0 
     858.0 
     858.0 
     858.0 
     858.0 
     858.0 
     858.0 
     858.0 
---
raw query: |select A from table1 where table1.A >= 10
|
parsing filters...
table after query:
         A 
--------------------------------------------------
     922.0 
     640.0 
     775.0 
     411.0 
     858.0 
     858.0 
     858.0 
     858.0 
     858.0 
     858.0 
     858.0 
